[gd_scene load_steps=3 format=3 uid="uid://b77yhh5ub87hw"]

[ext_resource type="Script" path="res://enemy.gd" id="1_ewhv8"]

[sub_resource type="SphereShape3D" id="SphereShape3D_r06a5"]

[node name="Enemy" type="CharacterBody3D"]
collision_layer = 4
collision_mask = 5
script = ExtResource("1_ewhv8")

[node name="CollisionShape3D" type="CollisionShape3D" parent="."]
shape = SubResource("SphereShape3D_r06a5")

[node name="CSGCylinder3D" type="CSGCylinder3D" parent="."]
radius = 0.2
height = 1.0

[node name="CSGCylinder3D2" type="CSGCylinder3D" parent="."]
transform = Transform3D(1, 0, 0, 0, 0.707107, -0.707107, 0, 0.707107, 0.707107, 0, 0, 0)
radius = 0.2
height = 1.0

[node name="CSGCylinder3D3" type="CSGCylinder3D" parent="."]
transform = Transform3D(0, 0.707107, 0.707107, 0, 0.707107, -0.707107, -1, 0, 0, 0, 0, 0)
radius = 0.2
height = 1.0

[node name="CSGCylinder3D4" type="CSGCylinder3D" parent="."]
transform = Transform3D(-1, -3.09086e-08, -3.09086e-08, 0, 0.707107, -0.707107, 4.37114e-08, -0.707107, -0.707107, 0, 0, 0)
radius = 0.2
height = 1.0

[node name="CSGCylinder3D5" type="CSGCylinder3D" parent="."]
transform = Transform3D(8.74228e-08, -0.707107, -0.707107, 0, 0.707107, -0.707107, 1, 6.18172e-08, 6.18172e-08, 0, 0, 0)
radius = 0.2
height = 1.0

[node name="CSGCylinder3D6" type="CSGCylinder3D" parent="."]
transform = Transform3D(0.707107, -0.707106, 6.47848e-08, 6.18172e-08, 2.98023e-08, -1, 0.707107, 0.707107, 2.26379e-08, 0, 0, 0)
radius = 0.2
height = 1.0

[node name="CSGCylinder3D7" type="CSGCylinder3D" parent="."]
transform = Transform3D(-0.707107, -0.707107, -2.26379e-08, 6.18172e-08, 2.98023e-08, -1, 0.707107, -0.707107, 6.47848e-08, 0, 0, 0)
radius = 0.2
height = 1.0
